40.0087705186,116.3259442368 1
40.0115311770,116.3301965160 1
40.0102929297,116.3268865827 1
40.0149790031,116.3221018109 1
39.9897904908,116.3366668782 1
40.0293009099,116.2694645875 1
40.0393038776,116.2688995020 1
40.0152098869,116.2780020948 1
39.9815963100,116.4083283155 1
39.9904954908,116.3289418782 1
39.9773389401,116.3166624825 2
39.9787110973,116.3078918217 2
39.9829766328,116.3154361705 2
39.9843316328,116.3086091705 2
39.9968794908,116.3315828782 2
40.0500927935,116.3011833442 2
39.9830988894,116.3786388299 2
39.9651965203,116.3238308729 2
40.0158216681,116.4834534579 2
40.0419882928,116.3162050607 2
39.9260255351,116.3892643177 3
39.9439147241,116.4275020307 3
39.9523698472,116.4166158161 3
39.9548038472,116.4138848161 3
39.9554200556,116.4029947455 3
40.0172767478,116.3898542949 3
40.0200952552,116.4115949161 3
40.0248544780,116.3893675692 3
40.0439975144,116.3798704514 3
40.0618122999,116.3945593954 3
